A,R,N,D,C,E,Q,G,H,I,L,K,M,F,P,S,T,W,Y,V0.037815126,0.025210084,0.054621849,0.075630252,0.008403361,0.067226891,0.033613445,0.092436975,0.042016807,0.054621849,0.075630252,0.084033613,0.029411765,0.050420168,0.042016807,0.046218487,0.058823529,0.004201681,0.050420168,0.0672268910.033613445,0.025210084,0.054621849,0.075630252,0.012605042,0.067226891,0.033613445,0.092436975,0.042016807,0.054621849,0.075630252,0.084033613,0.029411765,0.050420168,0.042016807,0.046218487,0.058823529,0.004201681,0.050420168,0.0672268910.033613445,0.025210084,0.054621849,0.075630252,0.008403361,0.067226891,0.033613445,0.092436975,0.042016807,0.054621849,0.079831933,0.084033613,0.029411765,0.050420168,0.042016807,0.046218487,0.058823529,0.004201681,0.050420168,0.0672268910.033613445,0.025210084,0.054621849,0.075630252,0.008403361,0.067226891,0.033613445,0.092436975,0.042016807,0.054621849,0.075630252,0.084033613,0.029411765,0.050420168,0.042016807,0.046218487,0.06302521,0.004201681,0.050420168,0.0672268910.033613445,0.025210084,0.054621849,0.075630252,0.008403361,0.067226891,0.033613445,0.092436975,0.042016807,0.054621849,0.075630252,0.084033613,0.029411765,0.054621849,0.042016807,0.050420168,0.058823529,0.004201681,0.046218487,0.0672268910.033613445,0.025210084,0.054621849,0.075630252,0.008403361,0.067226891,0.033613445,0.092436975,0.046218487,0.054621849,0.075630252,0.084033613,0.029411765,0.050420168,0.042016807,0.050420168,0.058823529,0.004201681,0.046218487,0.0672268910.037815126,0.029411765,0.054621849,0.075630252,0.008403361,0.067226891,0.029411765,0.100840336,0.037815126,0.050420168,0.084033613,0.084033613,0.025210084,0.054621849,0.042016807,0.037815126,0.058823529,0.004201681,0.050420168,0.0672268910.039647577,0.030837004,0.057268722,0.074889868,0.008810573,0.066079295,0.030837004,0.0969163,0.039647577,0.052863436,0.083700441,0.083700441,0.017621145,0.057268722,0.044052863,0.035242291,0.057268722,0.004405286,0.04845815,0.0704845810.033613445,0.029411765,0.054621849,0.075630252,0.008403361,0.067226891,0.029411765,0.092436975,0.042016807,0.050420168,0.079831933,0.084033613,0.025210084,0.054621849,0.042016807,0.046218487,0.06302521,0.004201681,0.046218487,0.0714285710.057268722,0.052863436,0.035242291,0.044052863,0.030837004,0.079295154,0.017621145,0.092511013,0.030837004,0.035242291,0.070484581,0.066079295,0.039647577,0.057268722,0.057268722,0.044052863,0.074889868,0.008810573,0.04845815,0.0572687220.036290323,0.040322581,0.052419355,0.068548387,0.008064516,0.060483871,0.028225806,0.096774194,0.060483871,0.044354839,0.080645161,0.080645161,0.012096774,0.048387097,0.044354839,0.052419355,0.068548387,0.004032258,0.044354839,0.0685483870.060606061,0.047619048,0.034632035,0.043290043,0.025974026,0.077922078,0.017316017,0.0995671,0.038961039,0.034632035,0.069264069,0.064935065,0.038961039,0.056277056,0.056277056,0.051948052,0.069264069,0.008658009,0.047619048,0.0562770560.053097345,0.044247788,0.048672566,0.075221239,0.013274336,0.061946903,0.017699115,0.092920354,0.053097345,0.048672566,0.061946903,0.084070796,0.03539823,0.061946903,0.048672566,0.03539823,0.048672566,0.008849558,0.048672566,0.0575221240.053097345,0.044247788,0.048672566,0.075221239,0.013274336,0.061946903,0.017699115,0.092920354,0.048672566,0.048672566,0.061946903,0.084070796,0.03539823,0.061946903,0.048672566,0.03539823,0.057522124,0.008849558,0.048672566,0.0530973450.03539823,0.039823009,0.017699115,0.057522124,0,0.088495575,0.039823009,0.097345133,0.030973451,0.039823009,0.066371681,0.092920354,0.030973451,0.053097345,0.057522124,0.048672566,0.057522124,0.013274336,0.057522124,0.0752212390.044715447,0.028455285,0.040650407,0.073170732,0.024390244,0.044715447,0.024390244,0.12195122,0.048780488,0.040650407,0.052845528,0.073170732,0.020325203,0.056910569,0.036585366,0.06097561,0.073170732,0.008130081,0.044715447,0.0813008130.041984733,0.045801527,0.057251908,0.057251908,0.022900763,0.072519084,0.030534351,0.083969466,0.022900763,0.076335878,0.041984733,0.072519084,0.015267176,0.038167939,0.045801527,0.061068702,0.080152672,0.003816794,0.045801527,0.0839694660.04,0.04,0.031111111,0.057777778,0.013333333,0.066666667,0.022222222,0.097777778,0.017777778,0.075555556,0.04,0.102222222,0.004444444,0.035555556,0.053333333,0.075555556,0.053333333,0.004444444,0.066666667,0.1022222220.052631579,0.043859649,0.057017544,0.065789474,0.035087719,0.065789474,0.026315789,0.078947368,0.035087719,0.070175439,0.052631579,0.070175439,0.030701754,0.061403509,0.052631579,0.057017544,0.043859649,0.01754386,0.039473684,0.0438596490.03652968,0.0456621,0.0456621,0.050228311,0.00456621,0.073059361,0.01369863,0.123287671,0.050228311,0.050228311,0.059360731,0.03652968,0.03652968,0.068493151,0.0456621,0.073059361,0.073059361,0,0.054794521,0.0593607310.04954955,0.045045045,0.045045045,0.031531532,0.004504505,0.067567568,0.013513514,0.121621622,0.04954955,0.054054054,0.058558559,0.040540541,0.036036036,0.076576577,0.045045045,0.067567568,0.067567568,0,0.054054054,0.0720720720.03652968,0.0456621,0.0456621,0.050228311,0.00456621,0.073059361,0.01369863,0.123287671,0.050228311,0.050228311,0.063926941,0.03652968,0.03652968,0.068493151,0.0456621,0.073059361,0.073059361,0,0.054794521,0.0547945210.037037037,0.032407407,0.050925926,0.069444444,0,0.083333333,0.013888889,0.083333333,0.037037037,0.069444444,0.060185185,0.106481481,0.023148148,0.050925926,0.055555556,0.037037037,0.046296296,0.009259259,0.060185185,0.0740740740.0375,0.029166667,0.05,0.066666667,0.004166667,0.083333333,0.016666667,0.083333333,0.025,0.058333333,0.070833333,0.104166667,0.033333333,0.045833333,0.054166667,0.05,0.045833333,0.008333333,0.0625,0.0708333330.04587156,0.036697248,0.059633028,0.036697248,0.013761468,0.082568807,0.018348624,0.091743119,0.036697248,0.068807339,0.055045872,0.073394495,0.032110092,0.077981651,0.04587156,0.068807339,0.064220183,0,0.04587156,0.045871560.036036036,0.031531532,0.040540541,0.04954955,0.018018018,0.063063063,0.036036036,0.099099099,0.022522523,0.04954955,0.054054054,0.076576577,0.036036036,0.045045045,0.063063063,0.063063063,0.067567568,0.013513514,0.067567568,0.0675675680.036036036,0.031531532,0.040540541,0.04954955,0.022522523,0.063063063,0.031531532,0.099099099,0.022522523,0.045045045,0.054054054,0.076576577,0.040540541,0.040540541,0.063063063,0.063063063,0.067567568,0.013513514,0.067567568,0.0720720720.032786885,0.028688525,0.053278689,0.073770492,0.008196721,0.06557377,0.032786885,0.090163934,0.069672131,0.053278689,0.081967213,0.081967213,0.024590164,0.053278689,0.040983607,0.045081967,0.06147541,0.004098361,0.036885246,0.061475410.042016807,0.029411765,0.058823529,0.071428571,0.008403361,0.071428571,0.033613445,0.100840336,0.037815126,0.046218487,0.096638655,0.079831933,0.021008403,0.050420168,0.042016807,0.029411765,0.06302521,0.004201681,0.050420168,0.063025210.041841004,0.025104603,0.054393305,0.075313808,0.008368201,0.066945607,0.033472803,0.09623431,0.037656904,0.050209205,0.087866109,0.083682008,0.020920502,0.050209205,0.041841004,0.033472803,0.071129707,0.0041841,0.046025105,0.0711297070.032786885,0.045081967,0.036885246,0.049180328,0.016393443,0.069672131,0.028688525,0.110655738,0.053278689,0.024590164,0.057377049,0.069672131,0.06147541,0.069672131,0.040983607,0.053278689,0.06147541,0.008196721,0.036885246,0.0737704920.032786885,0.045081967,0.032786885,0.049180328,0.016393443,0.069672131,0.028688525,0.110655738,0.053278689,0.024590164,0.053278689,0.069672131,0.06147541,0.073770492,0.040983607,0.06147541,0.057377049,0.008196721,0.036885246,0.0737704920.032786885,0.049180328,0.032786885,0.053278689,0.020491803,0.069672131,0.028688525,0.110655738,0.053278689,0.024590164,0.053278689,0.069672131,0.06147541,0.077868852,0.040983607,0.053278689,0.053278689,0.008196721,0.036885246,0.0696721310.046218487,0.029411765,0.046218487,0.033613445,0.016806723,0.071428571,0.033613445,0.100840336,0.067226891,0.042016807,0.058823529,0.088235294,0.042016807,0.058823529,0.046218487,0.050420168,0.071428571,0.008403361,0.042016807,0.0462184870.046808511,0.021276596,0.042553191,0.038297872,0.017021277,0.076595745,0.034042553,0.10212766,0.042553191,0.038297872,0.076595745,0.085106383,0.046808511,0.05106383,0.046808511,0.055319149,0.076595745,0.008510638,0.042553191,0.051063830.040983607,0.036885246,0.045081967,0.045081967,0.024590164,0.081967213,0.028688525,0.106557377,0.028688525,0.036885246,0.081967213,0.086065574,0.040983607,0.045081967,0.045081967,0.036885246,0.073770492,0.008196721,0.045081967,0.061475410.048780488,0.042128603,0.042128603,0.090909091,0.00443459,0.084257206,0.035476718,0.101995565,0.035476718,0.048780488,0.075388027,0.070953437,0.044345898,0.044345898,0.026607539,0.042128603,0.070953437,0.00443459,0.031042129,0.0554323730.043307087,0.023622047,0.031496063,0.066929134,0.019685039,0.05511811,0.023622047,0.118110236,0.051181102,0.047244094,0.051181102,0.090551181,0.043307087,0.05511811,0.05511811,0.062992126,0.066929134,0.007874016,0.043307087,0.0433070870.040178571,0.026785714,0.03125,0.058035714,0.013392857,0.066964286,0.013392857,0.111607143,0.026785714,0.053571429,0.053571429,0.09375,0.035714286,0.058035714,0.0625,0.071428571,0.075892857,0.008928571,0.049107143,0.0491071430.050632911,0.046413502,0.029535865,0.084388186,0.025316456,0.050632911,0.037974684,0.088607595,0.050632911,0.071729958,0.037974684,0.033755274,0.042194093,0.075949367,0.063291139,0.05907173,0.071729958,0.004219409,0.016877637,0.059071730.050632911,0.046413502,0.029535865,0.084388186,0.025316456,0.046413502,0.042194093,0.088607595,0.050632911,0.071729958,0.037974684,0.033755274,0.042194093,0.075949367,0.063291139,0.05907173,0.071729958,0.004219409,0.016877637,0.059071730.054852321,0.046413502,0.029535865,0.084388186,0.025316456,0.050632911,0.037974684,0.088607595,0.050632911,0.071729958,0.037974684,0.033755274,0.042194093,0.075949367,0.063291139,0.054852321,0.071729958,0.004219409,0.016877637,0.059071730.046413502,0.046413502,0.029535865,0.084388186,0.025316456,0.050632911,0.037974684,0.088607595,0.050632911,0.071729958,0.037974684,0.033755274,0.042194093,0.075949367,0.063291139,0.05907173,0.075949367,0.004219409,0.016877637,0.059071730.046332046,0.046332046,0.027027027,0.077220077,0.023166023,0.046332046,0.034749035,0.096525097,0.073359073,0.065637066,0.038610039,0.030888031,0.042471042,0.069498069,0.061776062,0.077220077,0.065637066,0.003861004,0.015444015,0.0579150580.04587156,0.036697248,0.059633028,0.036697248,0.013761468,0.082568807,0.018348624,0.091743119,0.032110092,0.068807339,0.055045872,0.073394495,0.032110092,0.077981651,0.04587156,0.068807339,0.068807339,0,0.04587156,0.045871560.04587156,0.036697248,0.059633028,0.041284404,0.013761468,0.082568807,0.018348624,0.091743119,0.032110092,0.068807339,0.055045872,0.073394495,0.032110092,0.077981651,0.04587156,0.068807339,0.064220183,0,0.04587156,0.045871560.04587156,0.036697248,0.059633028,0.036697248,0.013761468,0.082568807,0.018348624,0.091743119,0.032110092,0.068807339,0.055045872,0.073394495,0.032110092,0.082568807,0.04587156,0.068807339,0.064220183,0,0.04587156,0.045871560.033613445,0.025210084,0.054621849,0.075630252,0.012605042,0.067226891,0.033613445,0.096638655,0.042016807,0.050420168,0.084033613,0.084033613,0.025210084,0.050420168,0.042016807,0.037815126,0.06302521,0.004201681,0.046218487,0.0714285710.038961039,0.03030303,0.038961039,0.043290043,0.017316017,0.073593074,0.025974026,0.103896104,0.03030303,0.043290043,0.073593074,0.086580087,0.043290043,0.043290043,0.051948052,0.047619048,0.077922078,0.017316017,0.047619048,0.0649350650.059574468,0.029787234,0.034042553,0.076595745,0.008510638,0.059574468,0.021276596,0.09787234,0.034042553,0.063829787,0.063829787,0.076595745,0.025531915,0.046808511,0.046808511,0.038297872,0.085106383,0.012765957,0.059574468,0.0595744680.033613445,0.029411765,0.058823529,0.075630252,0.008403361,0.067226891,0.029411765,0.092436975,0.042016807,0.046218487,0.084033613,0.079831933,0.025210084,0.050420168,0.042016807,0.046218487,0.067226891,0.004201681,0.046218487,0.0714285710.044444444,0.044444444,0.04,0.075555556,0.017777778,0.053333333,0.026666667,0.088888889,0.026666667,0.057777778,0.057777778,0.088888889,0.04,0.044444444,0.048888889,0.057777778,0.048888889,0.008888889,0.062222222,0.0666666670.048888889,0.044444444,0.04,0.075555556,0.017777778,0.053333333,0.026666667,0.088888889,0.026666667,0.057777778,0.057777778,0.088888889,0.04,0.044444444,0.048888889,0.057777778,0.044444444,0.008888889,0.062222222,0.0666666670.059574468,0.029787234,0.038297872,0.076595745,0.012765957,0.059574468,0.021276596,0.09787234,0.034042553,0.063829787,0.063829787,0.076595745,0.025531915,0.046808511,0.046808511,0.038297872,0.080851064,0.012765957,0.055319149,0.0595744680.063829787,0.029787234,0.038297872,0.076595745,0.008510638,0.059574468,0.021276596,0.09787234,0.034042553,0.063829787,0.063829787,0.076595745,0.025531915,0.046808511,0.046808511,0.038297872,0.076595745,0.012765957,0.059574468,0.0595744680.04954955,0.031531532,0.072072072,0.036036036,0.004504505,0.063063063,0.018018018,0.103603604,0.040540541,0.058558559,0.04954955,0.054054054,0.045045045,0.04954955,0.040540541,0.058558559,0.094594595,0.004504505,0.076576577,0.049549550.044247788,0.026548673,0.039823009,0.044247788,0.017699115,0.079646018,0.03539823,0.092920354,0.030973451,0.039823009,0.075221239,0.084070796,0.044247788,0.053097345,0.048672566,0.057522124,0.079646018,0.008849558,0.048672566,0.0486725660.043290043,0.025974026,0.038961039,0.043290043,0.017316017,0.073593074,0.034632035,0.095238095,0.034632035,0.038961039,0.077922078,0.086580087,0.043290043,0.051948052,0.047619048,0.064935065,0.077922078,0.008658009,0.047619048,0.0476190480.055084746,0.025423729,0.050847458,0.055084746,0.004237288,0.050847458,0.042372881,0.093220339,0.025423729,0.033898305,0.059322034,0.06779661,0.050847458,0.06779661,0.050847458,0.063559322,0.088983051,0.016949153,0.050847458,0.0466101690.04526749,0.028806584,0.041152263,0.074074074,0.024691358,0.04526749,0.024691358,0.115226337,0.049382716,0.037037037,0.049382716,0.074074074,0.024691358,0.057613169,0.037037037,0.057613169,0.0781893,0.008230453,0.04526749,0.0823045270.042016807,0.029411765,0.050420168,0.075630252,0.016806723,0.071428571,0.033613445,0.092436975,0.042016807,0.042016807,0.092436975,0.071428571,0.025210084,0.042016807,0.042016807,0.050420168,0.06302521,0.004201681,0.046218487,0.0672268910.043103448,0.034482759,0.030172414,0.073275862,0.030172414,0.038793103,0.038793103,0.081896552,0.051724138,0.081896552,0.043103448,0.051724138,0.038793103,0.073275862,0.060344828,0.060344828,0.081896552,0.004310345,0.021551724,0.0603448280.046025105,0.025104603,0.062761506,0.071129707,0.008368201,0.062761506,0.029288703,0.092050209,0.037656904,0.062761506,0.071129707,0.075313808,0.029288703,0.054393305,0.041841004,0.046025105,0.071129707,0.0041841,0.050209205,0.0585774060.033195021,0.029045643,0.053941909,0.078838174,0,0.066390041,0.024896266,0.095435685,0.041493776,0.049792531,0.087136929,0.087136929,0.029045643,0.053941909,0.045643154,0.037344398,0.058091286,0.004149378,0.049792531,0.0746887970.042016807,0.025210084,0.058823529,0.075630252,0.008403361,0.06302521,0.029411765,0.092436975,0.037815126,0.06302521,0.067226891,0.075630252,0.029411765,0.058823529,0.042016807,0.046218487,0.075630252,0.004201681,0.050420168,0.0546218490.048888889,0.044444444,0.048888889,0.071111111,0.017777778,0.057777778,0.031111111,0.08,0.026666667,0.048888889,0.062222222,0.093333333,0.04,0.048888889,0.053333333,0.031111111,0.066666667,0.008888889,0.062222222,0.0577777780.044247788,0.039823009,0.017699115,0.057522124,0.004424779,0.101769912,0.030973451,0.110619469,0.022123894,0.03539823,0.053097345,0.101769912,0.048672566,0.039823009,0.053097345,0.053097345,0.057522124,0.013274336,0.048672566,0.0663716810.051724138,0.043103448,0.047413793,0.073275862,0.012931034,0.060344828,0.017241379,0.090517241,0.077586207,0.047413793,0.060344828,0.081896552,0.034482759,0.060344828,0.047413793,0.034482759,0.051724138,0.00862069,0.047413793,0.0517241380.053333333,0.04,0.017777778,0.062222222,0,0.097777778,0.035555556,0.102222222,0.022222222,0.04,0.053333333,0.097777778,0.04,0.044444444,0.053333333,0.053333333,0.062222222,0.013333333,0.048888889,0.0622222220.053333333,0.04,0.017777778,0.062222222,0.004444444,0.097777778,0.026666667,0.102222222,0.022222222,0.04,0.057777778,0.097777778,0.04,0.044444444,0.053333333,0.057777778,0.057777778,0.013333333,0.048888889,0.0622222220.042372881,0.038135593,0.025423729,0.050847458,0,0.101694915,0.029661017,0.11440678,0.021186441,0.046610169,0.050847458,0.101694915,0.042372881,0.050847458,0.050847458,0.055084746,0.050847458,0.012711864,0.050847458,0.0635593220.050847458,0.038135593,0.025423729,0.046610169,0.004237288,0.105932203,0.025423729,0.11440678,0.021186441,0.042372881,0.050847458,0.101694915,0.042372881,0.046610169,0.050847458,0.055084746,0.055084746,0.012711864,0.050847458,0.0593220340.057777778,0.04,0.017777778,0.062222222,0,0.093333333,0.031111111,0.106666667,0.022222222,0.04,0.053333333,0.097777778,0.044444444,0.044444444,0.053333333,0.048888889,0.062222222,0.017777778,0.044444444,0.0622222220.048672566,0.044247788,0.017699115,0.057522124,0,0.10619469,0.030973451,0.10619469,0.026548673,0.039823009,0.048672566,0.092920354,0.048672566,0.039823009,0.053097345,0.053097345,0.057522124,0.013274336,0.048672566,0.0663716810.046692607,0.042801556,0.042801556,0.085603113,0.015564202,0.058365759,0.027237354,0.101167315,0.054474708,0.046692607,0.058365759,0.081712062,0.042801556,0.046692607,0.050583658,0.038910506,0.035019455,0.007782101,0.050583658,0.066147860.051724138,0.038793103,0.030172414,0.038793103,0.012931034,0.073275862,0.043103448,0.094827586,0.034482759,0.043103448,0.051724138,0.086206897,0.038793103,0.064655172,0.051724138,0.068965517,0.051724138,0.00862069,0.043103448,0.0732758620.060747664,0.03271028,0.051401869,0.042056075,0.009345794,0.074766355,0.023364486,0.112149533,0.028037383,0.018691589,0.051401869,0.079439252,0.028037383,0.070093458,0.042056075,0.046728972,0.093457944,0.014018692,0.037383178,0.084112150.049586777,0.02892562,0.061983471,0.070247934,0.008264463,0.061983471,0.02892562,0.08677686,0.033057851,0.05785124,0.078512397,0.078512397,0.02892562,0.049586777,0.041322314,0.049586777,0.070247934,0.008264463,0.049586777,0.057851240.033195021,0.037344398,0.053941909,0.070539419,0.008298755,0.062240664,0.029045643,0.095435685,0.062240664,0.049792531,0.074688797,0.082987552,0.01659751,0.049792531,0.041493776,0.053941909,0.066390041,0.004149378,0.041493776,0.0663900410.053333333,0.04,0.017777778,0.062222222,0,0.097777778,0.035555556,0.102222222,0.031111111,0.031111111,0.053333333,0.097777778,0.04,0.044444444,0.053333333,0.048888889,0.062222222,0.013333333,0.048888889,0.0666666670.044897959,0.036734694,0.040816327,0.036734694,0.016326531,0.073469388,0.032653061,0.102040816,0.06122449,0.036734694,0.07755102,0.073469388,0.036734694,0.040816327,0.044897959,0.044897959,0.081632653,0.012244898,0.048979592,0.0571428570.038961039,0.034632035,0.051948052,0.056277056,0.012987013,0.069264069,0.025974026,0.082251082,0.060606061,0.043290043,0.073593074,0.082251082,0.025974026,0.051948052,0.056277056,0.038961039,0.060606061,0.012987013,0.047619048,0.0735930740.053333333,0.04,0.017777778,0.062222222,0.004444444,0.097777778,0.031111111,0.102222222,0.022222222,0.04,0.053333333,0.097777778,0.04,0.044444444,0.053333333,0.053333333,0.062222222,0.013333333,0.048888889,0.0622222220.053333333,0.04,0.017777778,0.062222222,0,0.097777778,0.031111111,0.102222222,0.022222222,0.04,0.053333333,0.097777778,0.04,0.044444444,0.053333333,0.057777778,0.062222222,0.013333333,0.048888889,0.0622222220.053333333,0.04,0.017777778,0.062222222,0,0.097777778,0.031111111,0.102222222,0.022222222,0.04,0.053333333,0.097777778,0.04,0.044444444,0.053333333,0.053333333,0.066666667,0.013333333,0.048888889,0.0622222220.046610169,0.033898305,0.029661017,0.059322034,0,0.101694915,0.033898305,0.105932203,0.025423729,0.042372881,0.055084746,0.101694915,0.042372881,0.042372881,0.050847458,0.050847458,0.050847458,0.012711864,0.050847458,0.0635593220.046610169,0.038135593,0.029661017,0.055084746,0,0.101694915,0.021186441,0.110169492,0.021186441,0.046610169,0.059322034,0.101694915,0.042372881,0.042372881,0.050847458,0.046610169,0.059322034,0.012711864,0.050847458,0.0635593220.042372881,0.033898305,0.046610169,0.076271186,0,0.084745763,0.008474576,0.088983051,0.033898305,0.055084746,0.050847458,0.105932203,0.038135593,0.046610169,0.046610169,0.042372881,0.063559322,0.008474576,0.055084746,0.0720338980.041666667,0.032407407,0.050925926,0.069444444,0,0.083333333,0.009259259,0.083333333,0.037037037,0.069444444,0.060185185,0.106481481,0.023148148,0.050925926,0.055555556,0.037037037,0.046296296,0.009259259,0.060185185,0.0740740740.0375,0.029166667,0.05,0.066666667,0.004166667,0.083333333,0.016666667,0.083333333,0.025,0.058333333,0.070833333,0.108333333,0.033333333,0.045833333,0.058333333,0.041666667,0.045833333,0.008333333,0.0625,0.0708333330.041841004,0.025104603,0.050209205,0.079497908,0.008368201,0.066945607,0.033472803,0.092050209,0.033472803,0.054393305,0.087866109,0.087866109,0.020920502,0.050209205,0.041841004,0.037656904,0.071129707,0.008368201,0.037656904,0.0711297070.040816327,0.024489796,0.048979592,0.07755102,0.008163265,0.065306122,0.032653061,0.093877551,0.057142857,0.053061224,0.085714286,0.081632653,0.020408163,0.048979592,0.040816327,0.032653061,0.069387755,0.008163265,0.040816327,0.0693877550.037656904,0.025104603,0.054393305,0.075313808,0.008368201,0.066945607,0.033472803,0.10041841,0.037656904,0.050209205,0.09623431,0.087866109,0.020920502,0.046025105,0.041841004,0.033472803,0.062761506,0.0041841,0.050209205,0.0669456070.037656904,0.025104603,0.054393305,0.075313808,0.008368201,0.066945607,0.033472803,0.10041841,0.037656904,0.050209205,0.092050209,0.087866109,0.020920502,0.046025105,0.041841004,0.033472803,0.062761506,0.0041841,0.050209205,0.0711297070.037656904,0.025104603,0.050209205,0.075313808,0.008368201,0.066945607,0.033472803,0.09623431,0.037656904,0.054393305,0.087866109,0.087866109,0.020920502,0.050209205,0.041841004,0.033472803,0.071129707,0.008368201,0.041841004,0.0711297070.037656904,0.025104603,0.050209205,0.079497908,0.008368201,0.066945607,0.033472803,0.09623431,0.033472803,0.054393305,0.087866109,0.087866109,0.020920502,0.050209205,0.041841004,0.033472803,0.071129707,0.008368201,0.041841004,0.0711297070.041841004,0.025104603,0.050209205,0.079497908,0.008368201,0.066945607,0.033472803,0.09623431,0.033472803,0.054393305,0.087866109,0.087866109,0.020920502,0.050209205,0.041841004,0.033472803,0.071129707,0.008368201,0.037656904,0.0711297070.041841004,0.025104603,0.050209205,0.079497908,0.008368201,0.066945607,0.033472803,0.092050209,0.033472803,0.054393305,0.087866109,0.087866109,0.020920502,0.050209205,0.041841004,0.037656904,0.071129707,0.008368201,0.037656904,0.0711297070.029411765,0.033613445,0.054621849,0.067226891,0.012605042,0.075630252,0.025210084,0.109243697,0.046218487,0.06302521,0.079831933,0.075630252,0.033613445,0.06302521,0.042016807,0.029411765,0.054621849,0.004201681,0.042016807,0.0588235290.029411765,0.033613445,0.054621849,0.067226891,0.012605042,0.075630252,0.025210084,0.109243697,0.046218487,0.06302521,0.075630252,0.075630252,0.033613445,0.067226891,0.042016807,0.029411765,0.054621849,0.004201681,0.042016807,0.0588235290.029411765,0.033613445,0.054621849,0.067226891,0.012605042,0.075630252,0.025210084,0.109243697,0.046218487,0.06302521,0.075630252,0.075630252,0.033613445,0.06302521,0.042016807,0.029411765,0.054621849,0.004201681,0.046218487,0.0588235290.029411765,0.033613445,0.054621849,0.067226891,0.016806723,0.075630252,0.021008403,0.105042017,0.046218487,0.06302521,0.079831933,0.075630252,0.033613445,0.06302521,0.042016807,0.033613445,0.054621849,0.004201681,0.042016807,0.0588235290.029411765,0.033613445,0.054621849,0.067226891,0.012605042,0.075630252,0.025210084,0.105042017,0.046218487,0.06302521,0.075630252,0.075630252,0.033613445,0.06302521,0.042016807,0.033613445,0.058823529,0.004201681,0.042016807,0.0588235290.029411765,0.033613445,0.054621849,0.067226891,0.012605042,0.075630252,0.025210084,0.105042017,0.050420168,0.06302521,0.079831933,0.075630252,0.033613445,0.058823529,0.042016807,0.033613445,0.054621849,0.004201681,0.042016807,0.0588235290.029411765,0.033613445,0.054621849,0.067226891,0.012605042,0.075630252,0.021008403,0.109243697,0.046218487,0.058823529,0.079831933,0.075630252,0.033613445,0.06302521,0.042016807,0.029411765,0.054621849,0.004201681,0.046218487,0.063025210.029411765,0.033613445,0.054621849,0.067226891,0.012605042,0.075630252,0.021008403,0.109243697,0.046218487,0.058823529,0.079831933,0.075630252,0.033613445,0.06302521,0.042016807,0.029411765,0.058823529,0.004201681,0.042016807,0.063025210.029411765,0.033613445,0.054621849,0.067226891,0.012605042,0.075630252,0.025210084,0.109243697,0.046218487,0.06302521,0.075630252,0.075630252,0.033613445,0.06302521,0.042016807,0.029411765,0.058823529,0.004201681,0.042016807,0.0588235290.029411765,0.033613445,0.054621849,0.067226891,0.012605042,0.075630252,0.025210084,0.109243697,0.050420168,0.06302521,0.075630252,0.075630252,0.033613445,0.06302521,0.042016807,0.029411765,0.054621849,0.004201681,0.042016807,0.0588235290.033613445,0.033613445,0.054621849,0.067226891,0.012605042,0.075630252,0.025210084,0.105042017,0.046218487,0.06302521,0.075630252,0.075630252,0.033613445,0.06302521,0.042016807,0.029411765,0.058823529,0.004201681,0.042016807,0.0588235290.029411765,0.033613445,0.054621849,0.067226891,0.012605042,0.075630252,0.021008403,0.105042017,0.046218487,0.06302521,0.079831933,0.075630252,0.033613445,0.06302521,0.042016807,0.033613445,0.058823529,0.004201681,0.042016807,0.0588235290.029411765,0.033613445,0.054621849,0.067226891,0.012605042,0.075630252,0.025210084,0.105042017,0.046218487,0.06302521,0.071428571,0.075630252,0.033613445,0.067226891,0.042016807,0.033613445,0.058823529,0.004201681,0.042016807,0.0588235290.033613445,0.025210084,0.054621849,0.075630252,0.008403361,0.067226891,0.033613445,0.092436975,0.042016807,0.050420168,0.084033613,0.084033613,0.025210084,0.050420168,0.042016807,0.042016807,0.06302521,0.004201681,0.050420168,0.0714285710.033472803,0.025104603,0.050209205,0.075313808,0.008368201,0.066945607,0.033472803,0.092050209,0.037656904,0.054393305,0.087866109,0.087866109,0.020920502,0.050209205,0.041841004,0.041841004,0.071129707,0.008368201,0.041841004,0.0711297070.042194093,0.037974684,0.046413502,0.042194093,0.016877637,0.080168776,0.029535865,0.101265823,0.033755274,0.037974684,0.075949367,0.084388186,0.042194093,0.046413502,0.046413502,0.042194093,0.075949367,0.008438819,0.046413502,0.0632911390.044444444,0.013333333,0.031111111,0.066666667,0.004444444,0.084444444,0.057777778,0.097777778,0.035555556,0.031111111,0.048888889,0.097777778,0.026666667,0.053333333,0.057777778,0.053333333,0.053333333,0.013333333,0.053333333,0.0755555560.033333333,0.025,0.054166667,0.075,0.008333333,0.066666667,0.033333333,0.091666667,0.0375,0.05,0.0875,0.079166667,0.020833333,0.054166667,0.045833333,0.041666667,0.066666667,0.004166667,0.05,0.0750.043290043,0.038961039,0.043290043,0.043290043,0.017316017,0.077922078,0.03030303,0.0995671,0.034632035,0.038961039,0.073593074,0.082251082,0.043290043,0.047619048,0.047619048,0.043290043,0.077922078,0.008658009,0.047619048,0.0606060610.033472803,0.037656904,0.050209205,0.075313808,0.008368201,0.062761506,0.033472803,0.10041841,0.033472803,0.041841004,0.079497908,0.083682008,0.029288703,0.050209205,0.041841004,0.041841004,0.062761506,0.0041841,0.037656904,0.0920502090.033472803,0.033472803,0.050209205,0.071129707,0.008368201,0.066945607,0.033472803,0.092050209,0.041841004,0.046025105,0.087866109,0.083682008,0.025104603,0.054393305,0.041841004,0.041841004,0.066945607,0.0041841,0.033472803,0.0836820080.037815126,0.033613445,0.054621849,0.075630252,0.008403361,0.067226891,0.029411765,0.092436975,0.046218487,0.046218487,0.084033613,0.084033613,0.021008403,0.050420168,0.042016807,0.037815126,0.071428571,0.004201681,0.033613445,0.0798319330.033613445,0.033613445,0.050420168,0.075630252,0.008403361,0.067226891,0.029411765,0.092436975,0.046218487,0.046218487,0.084033613,0.084033613,0.025210084,0.054621849,0.042016807,0.037815126,0.071428571,0.004201681,0.033613445,0.0798319330.046610169,0.050847458,0.029661017,0.059322034,0.004237288,0.101694915,0.025423729,0.105932203,0.025423729,0.042372881,0.063559322,0.088983051,0.038135593,0.046610169,0.050847458,0.050847458,0.050847458,0.012711864,0.042372881,0.0635593220.042372881,0.033898305,0.033898305,0.055084746,0,0.097457627,0.029661017,0.101694915,0.025423729,0.046610169,0.055084746,0.101694915,0.033898305,0.055084746,0.050847458,0.050847458,0.050847458,0.012711864,0.046610169,0.0762711860.037656904,0.025104603,0.054393305,0.075313808,0.008368201,0.066945607,0.033472803,0.09623431,0.037656904,0.050209205,0.092050209,0.087866109,0.020920502,0.050209205,0.041841004,0.033472803,0.071129707,0.0041841,0.046025105,0.0669456070.037656904,0.025104603,0.054393305,0.075313808,0.008368201,0.066945607,0.033472803,0.09623431,0.037656904,0.050209205,0.087866109,0.087866109,0.020920502,0.050209205,0.041841004,0.033472803,0.071129707,0.0041841,0.046025105,0.0711297070.037656904,0.025104603,0.054393305,0.075313808,0.008368201,0.062761506,0.037656904,0.09623431,0.037656904,0.050209205,0.087866109,0.087866109,0.020920502,0.050209205,0.041841004,0.033472803,0.071129707,0.0041841,0.046025105,0.0711297070.037656904,0.025104603,0.054393305,0.075313808,0.008368201,0.066945607,0.033472803,0.10041841,0.037656904,0.050209205,0.087866109,0.087866109,0.020920502,0.050209205,0.041841004,0.033472803,0.066945607,0.0041841,0.046025105,0.0711297070.037656904,0.025104603,0.054393305,0.075313808,0.008368201,0.066945607,0.033472803,0.09623431,0.041841004,0.050209205,0.092050209,0.087866109,0.020920502,0.054393305,0.041841004,0.037656904,0.066945607,0.0041841,0.037656904,0.0669456070.037656904,0.025104603,0.054393305,0.075313808,0.008368201,0.066945607,0.033472803,0.09623431,0.041841004,0.050209205,0.087866109,0.087866109,0.020920502,0.054393305,0.041841004,0.037656904,0.066945607,0.0041841,0.037656904,0.0711297070.04845815,0.035242291,0.04845815,0.070484581,0.017621145,0.070484581,0.022026432,0.092511013,0.044052863,0.04845815,0.057268722,0.088105727,0.030837004,0.04845815,0.052863436,0.04845815,0.035242291,0.008810573,0.057268722,0.0748898680.046692607,0.038910506,0.042801556,0.085603113,0.015564202,0.062256809,0.027237354,0.097276265,0.058365759,0.042801556,0.054474708,0.081712062,0.042801556,0.042801556,0.050583658,0.046692607,0.035019455,0.007782101,0.054474708,0.066147860.040816327,0.040816327,0.040816327,0.040816327,0.016326531,0.073469388,0.028571429,0.102040816,0.053061224,0.036734694,0.07755102,0.07755102,0.044897959,0.040816327,0.044897959,0.053061224,0.07755102,0.008163265,0.044897959,0.0571428570.041666667,0.0375,0.045833333,0.045833333,0.016666667,0.083333333,0.029166667,0.104166667,0.033333333,0.0375,0.079166667,0.083333333,0.041666667,0.045833333,0.045833333,0.033333333,0.079166667,0.008333333,0.05,0.0583333330.048780488,0.042128603,0.042128603,0.090909091,0.00443459,0.084257206,0.035476718,0.101995565,0.035476718,0.048780488,0.075388027,0.068736142,0.044345898,0.044345898,0.026607539,0.042128603,0.068736142,0.006651885,0.031042129,0.0576496670.048780488,0.044345898,0.042128603,0.090909091,0.00443459,0.084257206,0.035476718,0.099778271,0.035476718,0.048780488,0.075388027,0.070953437,0.044345898,0.044345898,0.026607539,0.042128603,0.068736142,0.00443459,0.031042129,0.0576496670.046610169,0.033898305,0.029661017,0.059322034,0,0.097457627,0.033898305,0.105932203,0.025423729,0.038135593,0.055084746,0.097457627,0.042372881,0.046610169,0.050847458,0.055084746,0.050847458,0.016949153,0.050847458,0.0635593220.046610169,0.033898305,0.029661017,0.059322034,0.004237288,0.097457627,0.029661017,0.105932203,0.025423729,0.038135593,0.055084746,0.101694915,0.046610169,0.046610169,0.050847458,0.050847458,0.050847458,0.012711864,0.050847458,0.0635593220.050847458,0.038135593,0.029661017,0.055084746,0,0.101694915,0.029661017,0.097457627,0.029661017,0.059322034,0.050847458,0.101694915,0.042372881,0.050847458,0.050847458,0.050847458,0.033898305,0.012711864,0.050847458,0.0635593220.042372881,0.033898305,0.046610169,0.076271186,0,0.084745763,0.008474576,0.088983051,0.033898305,0.055084746,0.050847458,0.105932203,0.038135593,0.046610169,0.046610169,0.042372881,0.063559322,0.012711864,0.050847458,0.0720338980.042372881,0.033898305,0.046610169,0.076271186,0,0.084745763,0.008474576,0.088983051,0.038135593,0.055084746,0.050847458,0.105932203,0.038135593,0.046610169,0.046610169,0.042372881,0.063559322,0.008474576,0.050847458,0.0720338980.042372881,0.033898305,0.046610169,0.076271186,0,0.084745763,0.008474576,0.088983051,0.029661017,0.055084746,0.050847458,0.105932203,0.042372881,0.046610169,0.046610169,0.042372881,0.063559322,0.008474576,0.055084746,0.0720338980.042372881,0.033898305,0.046610169,0.076271186,0,0.084745763,0.008474576,0.088983051,0.029661017,0.055084746,0.050847458,0.101694915,0.046610169,0.046610169,0.046610169,0.042372881,0.063559322,0.008474576,0.055084746,0.0720338980.046610169,0.033898305,0.046610169,0.076271186,0,0.084745763,0.008474576,0.088983051,0.029661017,0.055084746,0.050847458,0.101694915,0.046610169,0.046610169,0.046610169,0.042372881,0.059322034,0.008474576,0.055084746,0.0720338980.038135593,0.033898305,0.046610169,0.076271186,0,0.084745763,0.008474576,0.088983051,0.029661017,0.059322034,0.050847458,0.101694915,0.046610169,0.046610169,0.046610169,0.042372881,0.063559322,0.008474576,0.055084746,0.0720338980.047413793,0.043103448,0.038793103,0.056034483,0.00862069,0.086206897,0.021551724,0.094827586,0.030172414,0.043103448,0.043103448,0.077586207,0.038793103,0.051724138,0.038793103,0.051724138,0.073275862,0.00862069,0.068965517,0.0775862070.029411765,0.029411765,0.054621849,0.075630252,0.008403361,0.067226891,0.029411765,0.092436975,0.042016807,0.050420168,0.084033613,0.088235294,0.025210084,0.050420168,0.042016807,0.042016807,0.067226891,0.004201681,0.046218487,0.0714285710.042016807,0.025210084,0.054621849,0.075630252,0.004201681,0.067226891,0.029411765,0.096638655,0.042016807,0.054621849,0.079831933,0.084033613,0.029411765,0.058823529,0.042016807,0.037815126,0.058823529,0.004201681,0.042016807,0.0714285710.050458716,0.032110092,0.027522936,0.041284404,0.009174312,0.082568807,0.02293578,0.100917431,0.04587156,0.041284404,0.050458716,0.082568807,0.04587156,0.055045872,0.055045872,0.073394495,0.064220183,0.009174312,0.04587156,0.0642201830.055045872,0.036697248,0.027522936,0.041284404,0.009174312,0.077981651,0.02293578,0.100917431,0.04587156,0.041284404,0.050458716,0.077981651,0.04587156,0.055045872,0.055045872,0.073394495,0.064220183,0.009174312,0.04587156,0.0642201830.050458716,0.036697248,0.027522936,0.041284404,0.009174312,0.077981651,0.027522936,0.100917431,0.04587156,0.041284404,0.050458716,0.077981651,0.04587156,0.055045872,0.055045872,0.073394495,0.064220183,0.009174312,0.04587156,0.0642201830.042016807,0.033613445,0.050420168,0.075630252,0.016806723,0.071428571,0.037815126,0.092436975,0.042016807,0.042016807,0.088235294,0.075630252,0.021008403,0.042016807,0.042016807,0.050420168,0.06302521,0.004201681,0.046218487,0.063025210.055045872,0.036697248,0.027522936,0.04587156,0.004587156,0.096330275,0.02293578,0.105504587,0.04587156,0.041284404,0.050458716,0.064220183,0.04587156,0.055045872,0.050458716,0.064220183,0.064220183,0.009174312,0.04587156,0.0688073390.042372881,0.038135593,0.025423729,0.055084746,0,0.097457627,0.025423729,0.105932203,0.025423729,0.046610169,0.050847458,0.105932203,0.042372881,0.046610169,0.050847458,0.055084746,0.055084746,0.012711864,0.055084746,0.0635593220.046692607,0.042801556,0.042801556,0.085603113,0.023346304,0.058365759,0.027237354,0.105058366,0.054474708,0.046692607,0.058365759,0.081712062,0.038910506,0.042801556,0.050583658,0.038910506,0.035019455,0.007782101,0.050583658,0.0622568090.038626609,0.027896996,0.051502146,0.075107296,0.008583691,0.066523605,0.034334764,0.094420601,0.042918455,0.051502146,0.083690987,0.083690987,0.019313305,0.053648069,0.042918455,0.038626609,0.066523605,0.006437768,0.042918455,0.0708154510.046025105,0.029288703,0.050209205,0.079497908,0.008368201,0.071129707,0.037656904,0.09623431,0.029288703,0.046025105,0.083682008,0.079497908,0.025104603,0.054393305,0.041841004,0.041841004,0.058577406,0.008368201,0.037656904,0.0753138080.040983607,0.036885246,0.045081967,0.045081967,0.024590164,0.081967213,0.028688525,0.106557377,0.028688525,0.036885246,0.081967213,0.086065574,0.036885246,0.045081967,0.045081967,0.036885246,0.077868852,0.008196721,0.045081967,0.061475410.043290043,0.025974026,0.047619048,0.034632035,0.017316017,0.073593074,0.034632035,0.0995671,0.043290043,0.043290043,0.069264069,0.090909091,0.047619048,0.056277056,0.043290043,0.051948052,0.077922078,0.008658009,0.043290043,0.0476190480.043103448,0.051724138,0.038793103,0.038793103,0.012931034,0.068965517,0.030172414,0.129310345,0.030172414,0.038793103,0.051724138,0.064655172,0.056034483,0.056034483,0.043103448,0.056034483,0.064655172,0.012931034,0.034482759,0.0775862070.053571429,0.040178571,0.053571429,0.066964286,0.013392857,0.066964286,0.026785714,0.075892857,0.03125,0.053571429,0.066964286,0.089285714,0.044642857,0.049107143,0.053571429,0.053571429,0.044642857,0.008928571,0.053571429,0.0535714290.050458716,0.036697248,0.027522936,0.04587156,0.009174312,0.096330275,0.027522936,0.105504587,0.04587156,0.041284404,0.04587156,0.064220183,0.050458716,0.050458716,0.050458716,0.064220183,0.064220183,0.009174312,0.04587156,0.0688073390.049382716,0.04526749,0.037037037,0.041152263,0.016460905,0.074074074,0.028806584,0.102880658,0.053497942,0.037037037,0.074074074,0.074074074,0.041152263,0.041152263,0.04526749,0.049382716,0.082304527,0.008230453,0.04526749,0.0534979420.043290043,0.038961039,0.03030303,0.060606061,0,0.0995671,0.034632035,0.103896104,0.025974026,0.043290043,0.051948052,0.0995671,0.034632035,0.043290043,0.051948052,0.047619048,0.056277056,0.017316017,0.051948052,0.0649350650.046610169,0.033898305,0.025423729,0.063559322,0.004237288,0.101694915,0.029661017,0.105932203,0.029661017,0.046610169,0.055084746,0.097457627,0.038135593,0.042372881,0.050847458,0.055084746,0.046610169,0.016949153,0.046610169,0.0635593220.042372881,0.038135593,0.029661017,0.059322034,0,0.097457627,0.033898305,0.105932203,0.025423729,0.042372881,0.050847458,0.097457627,0.038135593,0.042372881,0.050847458,0.050847458,0.050847458,0.016949153,0.050847458,0.0762711860.042372881,0.038135593,0.029661017,0.059322034,0,0.097457627,0.029661017,0.105932203,0.025423729,0.033898305,0.050847458,0.101694915,0.042372881,0.046610169,0.055084746,0.046610169,0.055084746,0.012711864,0.050847458,0.0762711860.042372881,0.033898305,0.033898305,0.059322034,0,0.101694915,0.029661017,0.105932203,0.025423729,0.033898305,0.063559322,0.097457627,0.038135593,0.046610169,0.050847458,0.046610169,0.063559322,0.012711864,0.050847458,0.0635593220.046610169,0.038135593,0.033898305,0.059322034,0,0.101694915,0.029661017,0.105932203,0.025423729,0.038135593,0.059322034,0.097457627,0.033898305,0.046610169,0.050847458,0.046610169,0.055084746,0.012711864,0.050847458,0.067796610.057777778,0.04,0.017777778,0.062222222,0,0.097777778,0.031111111,0.102222222,0.022222222,0.035555556,0.062222222,0.097777778,0.04,0.044444444,0.053333333,0.057777778,0.053333333,0.013333333,0.053333333,0.0577777780.046610169,0.033898305,0.025423729,0.059322034,0,0.097457627,0.029661017,0.105932203,0.025423729,0.029661017,0.059322034,0.105932203,0.050847458,0.042372881,0.055084746,0.050847458,0.050847458,0.012711864,0.055084746,0.0635593220.046610169,0.029661017,0.025423729,0.059322034,0,0.097457627,0.029661017,0.105932203,0.029661017,0.029661017,0.0593220